专业培养方向	51 375 472
专业学习内容	64 271 549 687
专业学费	141 295 402 522
专业推荐与选择	211 327 328 336 342 350 368 374 378 381 498 555 571 271 511 514 556
加分	95 358 438 570 572 627 696 125 162 329 357
就业情况	145 379 415 478 683
录取分数	10 34 47 62 96 108 109 184 208 257 410 436 483 606 664 112 157 188 285 301 321 346 411 421 457 595 600 630 670 67 155 269 551
志愿优先与分数优先	20 48 105 623
招生联系咨询	19 242 369 386 405 428 487 521 57 317 464 68 160 441 598 666 282 330
招生计划	118 152 170 177 206 228 229 260 264 296 332 373 394 553 616 618 662 680 197 28 323
文科考生	243 640 77 84 119 258
服从调剂与录取提档	49 110 202 292 326 554 677 367 403 425 657 221 517 539 612 124 429 430 647 137 610 621 286 665 674 147 149 461 183 527
特长生事宜	161 544 624 629 660 246 340 345 434
理科考生	56 115 203 278 300 35 575 82 406 169 172 191 237 645 473
能否被专业录取	196 207 224 227 261 267 276 319 344 383 392 423 467 471 482 550 569 596 604 617 632 646 655
能否被学校录取	5 8 15 29 58 74 80 92 107 113 130 134 136 142 143 144 148 151 153 154 173 178 180 185 201 209 210 216 218 230 231 232 234 236 238 244 249 255 256 263 270 273 279 280 283 284 291 297 298 302 304 305 307 308 311 318 324 325 331 334 335 339 348 351 363 364 388 390 391 395 
自主招生	354 413 535 538 548 573 587 609 679 700
转专业事宜	38 168 235 252 259 289 455 545 582 639 688 694 226 23
重点专业与排名	4 564 70 102 94 337 360 463 491 576
高考成绩与排名	531 534 543 633 649 653 698 133 198 450 456 515 519 546 558 672
